[
    1,
    0,
    0,
    [
        [
            "cc.Skeleton",
            [
                "_name",
                "_hash",
                "_joints",
                "_bindposes"
            ],
            0,
            12
        ]
    ],
    [
        [
            0,
            0,
            1,
            2,
            3,
            4
        ]
    ],
    [
        [
            0,
            "Skin-6",
            3089721219,
            [
                "mixamorig:Hips/mixamorig:Spine/mixamorig:Spine1/mixamorig:Spine2",
                "mixamorig:Hips/mixamorig:Spine/mixamorig:Spine1/mixamorig:Spine2/mixamorig:Neck",
                "mixamorig:Hips/mixamorig:Spine/mixamorig:Spine1/mixamorig:Spine2/mixamorig:Neck/mixamorig:Head",
                "mixamorig:Hips",
                "mixamorig:Hips/mixamorig:RightUpLeg",
                "mixamorig:Hips/mixamorig:RightUpLeg/mixamorig:RightLeg",
                "mixamorig:Hips/mixamorig:LeftUpLeg",
                "mixamorig:Hips/mixamorig:LeftUpLeg/mixamorig:LeftLeg",
                "mixamorig:Hips/mixamorig:LeftUpLeg/mixamorig:LeftLeg/mixamorig:LeftFoot",
                "mixamorig:Hips/mixamorig:LeftUpLeg/mixamorig:LeftLeg/mixamorig:LeftFoot/mixamorig:LeftToeBase",
                "mixamorig:Hips/mixamorig:RightUpLeg/mixamorig:RightLeg/mixamorig:RightFoot",
                "mixamorig:Hips/mixamorig:RightUpLeg/mixamorig:RightLeg/mixamorig:RightFoot/mixamorig:RightToeBase",
                "mixamorig:Hips/mixamorig:Spine/mixamorig:Spine1/mixamorig:Spine2/mixamorig:RightShoulder/mixamorig:RightArm",
                "mixamorig:Hips/mixamorig:Spine/mixamorig:Spine1/mixamorig:Spine2/mixamorig:RightShoulder/mixamorig:RightArm/mixamorig:RightForeArm",
                "mixamorig:Hips/mixamorig:Spine/mixamorig:Spine1/mixamorig:Spine2/mixamorig:RightShoulder/mixamorig:RightArm/mixamorig:RightForeArm/mixamorig:RightHand",
                "mixamorig:Hips/mixamorig:Spine/mixamorig:Spine1/mixamorig:Spine2/mixamorig:RightShoulder/mixamorig:RightArm/mixamorig:RightForeArm/mixamorig:RightHand/mixamorig:RightHandIndex1",
                "mixamorig:Hips/mixamorig:Spine/mixamorig:Spine1/mixamorig:Spine2/mixamorig:RightShoulder/mixamorig:RightArm/mixamorig:RightForeArm/mixamorig:RightHand/mixamorig:RightHandIndex1/mixamorig:RightHandIndex2",
                "mixamorig:Hips/mixamorig:Spine/mixamorig:Spine1/mixamorig:Spine2/mixamorig:LeftShoulder/mixamorig:LeftArm/mixamorig:LeftForeArm/mixamorig:LeftHand",
                "mixamorig:Hips/mixamorig:Spine/mixamorig:Spine1/mixamorig:Spine2/mixamorig:LeftShoulder/mixamorig:LeftArm/mixamorig:LeftForeArm/mixamorig:LeftHand/mixamorig:LeftHandIndex1",
                "mixamorig:Hips/mixamorig:Spine/mixamorig:Spine1/mixamorig:Spine2/mixamorig:LeftShoulder/mixamorig:LeftArm/mixamorig:LeftForeArm/mixamorig:LeftHand/mixamorig:LeftHandIndex1/mixamorig:LeftHandIndex2",
                "mixamorig:Hips/mixamorig:Spine/mixamorig:Spine1/mixamorig:Spine2/mixamorig:LeftShoulder/mixamorig:LeftArm/mixamorig:LeftForeArm",
                "mixamorig:Hips/mixamorig:Spine/mixamorig:Spine1/mixamorig:Spine2/mixamorig:LeftShoulder/mixamorig:LeftArm/mixamorig:LeftForeArm/mixamorig:LeftHand/mixamorig:LeftHandIndex1/mixamorig:LeftHandIndex2/mixamorig:LeftHandIndex3",
                "mixamorig:Hips/mixamorig:Spine/mixamorig:Spine1/mixamorig:Spine2/mixamorig:RightShoulder/mixamorig:RightArm/mixamorig:RightForeArm/mixamorig:RightHand/mixamorig:RightHandIndex1/mixamorig:RightHandIndex2/mixamorig:RightHandIndex3",
                "mixamorig:Hips/mixamorig:Spine/mixamorig:Spine1/mixamorig:Spine2/mixamorig:LeftShoulder/mixamorig:LeftArm",
                "mixamorig:Hips/mixamorig:Spine/mixamorig:Spine1/mixamorig:Spine2/mixamorig:LeftShoulder",
                "mixamorig:Hips/mixamorig:Spine/mixamorig:Spine1/mixamorig:Spine2/mixamorig:RightShoulder",
                "mixamorig:Hips/mixamorig:Spine",
                "mixamorig:Hips/mixamorig:Spine/mixamorig:Spine1"
            ],
            [
                [
                    [
                        7,
                        1,
                        0,
                        0,
                        0,
                        0,
                        0.9968389868736267,
                        0.07944399863481522,
                        0,
                        0,
                        -0.07944399863481522,
                        0.9968389868736267,
                        0,
                        3.814700022530815e-8,
                        -0.6023696064949036,
                        -0.03817420080304146,
                        1
                    ],
                    [
                        7,
                        1,
                        0,
                        0,
                        0,
                        0,
                        1,
                        0,
                        0,
                        0,
                        0,
                        1,
                        0,
                        3.814700022530815e-8,
                        -0.661312997341156,
                        0.01440867967903614,
                        1
                    ],
                    [
                        7,
                        1,
                        0,
                        0,
                        0,
                        0,
                        1,
                        0,
                        0,
                        0,
                        0,
                        1,
                        0,
                        3.814700022530815e-8,
                        -0.7451436519622803,
                        0.02015651948750019,
                        1
                    ],
                    [
                        7,
                        1,
                        0,
                        0,
                        0,
                        0,
                        1,
                        0,
                        0,
                        0,
                        0,
                        1,
                        0,
                        3.814700022530815e-8,
                        -0.4685976505279541,
                        -0.0009499380248598754,
                        1
                    ],
                    [
                        7,
                        -1,
                        1.2246357352777351e-16,
                        5.21078652866235e-19,
                        0,
                        -1.2246468525851679e-16,
                        -0.9999909996986389,
                        -0.0042549301870167255,
                        0,
                        2.0251767946739174e-34,
                        -0.0042549301870167255,
                        0.9999909996986389,
                        0,
                        -0.08039180934429169,
                        0.44717922806739807,
                        0.002266369992867112,
                        1
                    ],
                    [
                        7,
                        -0.9999960064888,
                        -0.0027596799191087484,
                        -0.0002826459822244942,
                        0,
                        0.00277409004047513,
                        -0.9943499565124512,
                        -0.10611799359321594,
                        0,
                        0.000011802672815974802,
                        -0.10611845552921295,
                        0.9943529963493347,
                        0,
                        -0.08109959214925766,
                        0.253466933965683,
                        0.028238268569111824,
                        1
                    ],
                    [
                        7,
                        -1,
                        1.2246382499067973e-16,
                        4.457040942940249e-19,
                        0,
                        -1.2246468525851679e-16,
                        -0.9999930262565613,
                        -0.0036394500639289618,
                        0,
                        7.264191109213419e-41,
                        -0.0036394500639289618,
                        0.9999930262565613,
                        0,
                        0.08039172738790512,
                        0.4471818208694458,
                        0.001636749948374927,
                        1
                    ],
                    [
                        7,
                        -0.9999960064888,
                        0.0027580198366194963,
                        0.0002995389804709703,
                        0,
                        -0.0027742183301597834,
                        -0.9937509298324585,
                        -0.1115889921784401,
                        0,
                        -0.000010097511221829336,
                        -0.11158948391675949,
                        0.9937540292739868,
                        0,
                        0.08109954744577408,
                        0.25336042046546936,
                        0.02916295826435089,
                        1
                    ],
                    [
                        7,
                        -0.9573779702186584,
                        0.2497909814119339,
                        0.14502495527267456,
                        0,
                        -0.03485388308763504,
                        -0.5983361005783081,
                        0.8004871010780334,
                        0,
                        0.28672805428504944,
                        0.7613139152526855,
                        0.5815398693084717,
                        0,
                        0.0860648825764656,
                        0.03376717492938042,
                        -0.04804103448987007,
                        1
                    ],
                    [
                        7,
                        -0.9611001014709473,
                        0.27142399549484253,
                        -0.05114949494600296,
                        0,
                        -0.057501692324876785,
                        -0.015496503561735153,
                        0.9982249736785889,
                        0,
                        0.27014973759651184,
                        0.9623349905014038,
                        0.030501019209623337,
                        0,
                        0.08739051222801208,
                        -0.0758618414402008,
                        -0.0013180815149098635,
                        1
                    ],
                    [
                        7,
                        -0.9563779830932617,
                        -0.2512040138244629,
                        -0.14912006258964539,
                        0,
                        0.033623892813920975,
                        -0.6017208695411682,
                        0.7979978322982788,
                        0,
                        -0.2901890277862549,
                        0.7581740617752075,
                        0.5839191675186157,
                        0,
                        -0.08581019192934036,
                        0.03333181142807007,
                        -0.04851921275258064,
                        1
                    ],
                    [
                        7,
                        -0.960375964641571,
                        -0.27404099702835083,
                        0.05078340321779251,
                        0,
                        0.05724995583295822,
                        -0.015645911917090416,
                        0.9982370138168335,
                        0,
                        -0.2727632224559784,
                        0.9615910053253174,
                        0.030714787542819977,
                        0,
                        -0.08720983564853668,
                        -0.07600788027048111,
                        -0.0013641190016642213,
                        1
                    ],
                    [
                        7,
                        -0.13001805543899536,
                        -0.9880990386009216,
                        -0.08218857645988464,
                        0,
                        0.06700360029935837,
                        0.07394663989543915,
                        -0.9950090050697327,
                        0,
                        0.9892449975013733,
                        -0.13487599790096283,
                        0.056591831147670746,
                        0,
                        -0.04617132246494293,
                        -0.15882238745689392,
                        0.6374907493591309,
                        1
                    ],
                    [
                        7,
                        0.24968257546424866,
                        -0.966679036617279,
                        -0.05647759512066841,
                        0,
                        0.0344153493642807,
                        0.06714688986539841,
                        -0.9971490502357483,
                        0,
                        0.9677160978317261,
                        0.24702702462673187,
                        0.05003399774432182,
                        0,
                        0.05279683321714401,
                        -0.23681163787841797,
                        0.6440224051475525,
                        1
                    ],
                    [
                        7,
                        0.37737351655960083,
                        -0.9248300194740295,
                        -0.04773649945855141,
                        0,
                        0.02507569082081318,
                        0.06173384562134743,
                        -0.9977779984474182,
                        0,
                        0.9257211685180664,
                        0.37533798813819885,
                        0.04648749902844429,
                        0,
                        0.10029099136590958,
                        -0.3404063284397125,
                        0.647269606590271,
                        1
                    ],
                    [
                        7,
                        0.13114102184772491,
                        -0.9910269975662231,
                        0.025842338800430298,
                        0,
                        0.03987714648246765,
                        -0.020773064345121384,
                        -0.9989889860153198,
                        0,
                        0.9905610084533691,
                        0.13203898072242737,
                        0.03679514676332474,
                        0,
                        -0.0007865434163250029,
                        -0.3503487706184387,
                        0.6751158833503723,
                        1
                    ],
                    [
                        7,
                        0.13114102184772491,
                        -0.9910269975662231,
                        0.025842338800430298,
                        0,
                        0.03987714648246765,
                        -0.020773064345121384,
                        -0.9989889860153198,
                        0,
                        0.9905610084533691,
                        0.13203898072242737,
                        0.03679514676332474,
                        0,
                        -0.0007865403895266354,
                        -0.39344334602355957,
                        0.6751158833503723,
                        1
                    ],
                    [
                        7,
                        0.3948627710342407,
                        0.9180830121040344,
                        0.03474658727645874,
                        0,
                        -0.037632979452610016,
                        0.05395069718360901,
                        -0.9978340268135071,
                        0,
                        -0.9179691076278687,
                        0.3926999866962433,
                        0.05585329607129097,
                        0,
                        -0.09858840703964233,
                        -0.3327319622039795,
                        0.651500940322876,
                        1
                    ],
                    [
                        7,
                        0.1774158924818039,
                        0.9834699630737305,
                        -0.036202289164066315,
                        0,
                        -0.04884064570069313,
                        -0.027941692620515823,
                        -0.998416006565094,
                        0,
                        -0.9829230308532715,
                        0.1789030134677887,
                        0.043076030910015106,
                        0,
                        -0.010048198513686657,
                        -0.34539973735809326,
                        0.6781477928161621,
                        1
                    ],
                    [
                        7,
                        0.1774158924818039,
                        0.9834699630737305,
                        -0.036202289164066315,
                        0,
                        -0.04884064570069313,
                        -0.027941692620515823,
                        -0.998416006565094,
                        0,
                        -0.9829230308532715,
                        0.1789030134677887,
                        0.043076030910015106,
                        0,
                        -0.010048174299299717,
                        -0.38458555936813354,
                        0.6781477928161621,
                        1
                    ],
                    [
                        7,
                        0.2469419687986374,
                        0.9675700068473816,
                        0.05318406969308853,
                        0,
                        -0.04871439188718796,
                        0.06720980256795883,
                        -0.9965490102767944,
                        0,
                        -0.967805027961731,
                        0.2434989959001541,
                        0.06373149156570435,
                        0,
                        -0.04344252869486809,
                        -0.23697492480278015,
                        0.6446847915649414,
                        1
                    ],
                    [
                        7,
                        0.1774158924818039,
                        0.9834699630737305,
                        -0.036202289164066315,
                        0,
                        -0.04884064570069313,
                        -0.027941692620515823,
                        -0.998416006565094,
                        0,
                        -0.9829230308532715,
                        0.1789030134677887,
                        0.043076030910015106,
                        0,
                        -0.004326067864894867,
                        -0.44243544340133667,
                        0.6841872334480286,
                        1
                    ],
                    [
                        7,
                        0.13114102184772491,
                        -0.9910269975662231,
                        0.025842338800430298,
                        0,
                        0.03987714648246765,
                        -0.020773064345121384,
                        -0.9989889860153198,
                        0,
                        0.9905610084533691,
                        0.13203898072242737,
                        0.03679514676332474,
                        0,
                        -0.011511702090501785,
                        -0.4489607512950897,
                        0.6773713827133179,
                        1
                    ],
                    [
                        7,
                        -0.08225024491548538,
                        0.9933419823646545,
                        0.08066292852163315,
                        0,
                        -0.07725554704666138,
                        0.0743386521935463,
                        -0.9942359924316406,
                        0,
                        -0.9936130046844482,
                        -0.08800780028104782,
                        0.07062679529190063,
                        0,
                        0.0423567071557045,
                        -0.15955717861652374,
                        0.637688934803009,
                        1
                    ],
                    [
                        7,
                        -0.0308699794113636,
                        0.9953270554542542,
                        -0.09149833768606186,
                        0,
                        -0.08220931142568588,
                        -0.0937601774930954,
                        -0.9921950101852417,
                        0,
                        -0.9961370229721069,
                        -0.023107027634978294,
                        0.08471949398517609,
                        0,
                        0.03984997794032097,
                        0.025037318468093872,
                        0.6556342840194702,
                        1
                    ],
                    [
                        7,
                        0.015451744198799133,
                        -0.9953270554542542,
                        0.09532216936349869,
                        0,
                        0.0815652534365654,
                        -0.09376112371683121,
                        -0.9922480583190918,
                        0,
                        0.9965479969978333,
                        0.023106953129172325,
                        0.07973531633615494,
                        0,
                        -0.03945717588067055,
                        0.025703759863972664,
                        0.6555943489074707,
                        1
                    ],
                    [
                        7,
                        1,
                        0,
                        0,
                        0,
                        0,
                        0.9968389868736267,
                        0.07944390177726746,
                        0,
                        0,
                        -0.07944390177726746,
                        0.9968389868736267,
                        0,
                        3.814700022530815e-8,
                        -0.5057063698768616,
                        -0.03817417100071907,
                        1
                    ],
                    [
                        7,
                        1,
                        0,
                        0,
                        0,
                        0,
                        0.9968389868736267,
                        0.07944399863481522,
                        0,
                        0,
                        -0.07944399863481522,
                        0.9968389868736267,
                        0,
                        3.814700022530815e-8,
                        -0.5508158802986145,
                        -0.03817420080304146,
                        1
                    ]
                ],
                8,
                8,
                8,
                8,
                8,
                8,
                8,
                8,
                8,
                8,
                8,
                8,
                8,
                8,
                8,
                8,
                8,
                8,
                8,
                8,
                8,
                8,
                8,
                8,
                8,
                8,
                8,
                8
            ]
        ]
    ],
    0,
    0,
    [],
    [],
    []
]
