[
    1,
    0,
    0,
    [
        [
            "cc.Skeleton",
            [
                "_name",
                "_hash",
                "_joints",
                "_bindposes"
            ],
            0,
            12
        ]
    ],
    [
        [
            0,
            0,
            1,
            2,
            3,
            4
        ]
    ],
    [
        [
            0,
            "Skin-0",
            941472639,
            [
                "Armature/mixamorig:Hips",
                "Armature/mixamorig:Hips/mixamorig:Spine",
                "Armature/mixamorig:Hips/mixamorig:Spine/mixamorig:Spine1",
                "Armature/mixamorig:Hips/mixamorig:Spine/mixamorig:Spine1/mixamorig:Spine2",
                "Armature/mixamorig:Hips/mixamorig:Spine/mixamorig:Spine1/mixamorig:Spine2/mixamorig:Neck",
                "Armature/mixamorig:Hips/mixamorig:Spine/mixamorig:Spine1/mixamorig:Spine2/mixamorig:Neck/mixamorig:Head",
                "Armature/mixamorig:Hips/mixamorig:Spine/mixamorig:Spine1/mixamorig:Spine2/mixamorig:LeftShoulder",
                "Armature/mixamorig:Hips/mixamorig:Spine/mixamorig:Spine1/mixamorig:Spine2/mixamorig:LeftShoulder/mixamorig:LeftArm",
                "Armature/mixamorig:Hips/mixamorig:Spine/mixamorig:Spine1/mixamorig:Spine2/mixamorig:LeftShoulder/mixamorig:LeftArm/mixamorig:LeftForeArm",
                "Armature/mixamorig:Hips/mixamorig:Spine/mixamorig:Spine1/mixamorig:Spine2/mixamorig:LeftShoulder/mixamorig:LeftArm/mixamorig:LeftForeArm/mixamorig:LeftHand",
                "Armature/mixamorig:Hips/mixamorig:Spine/mixamorig:Spine1/mixamorig:Spine2/mixamorig:LeftShoulder/mixamorig:LeftArm/mixamorig:LeftForeArm/mixamorig:LeftHand/mixamorig:LeftHandIndex1",
                "Armature/mixamorig:Hips/mixamorig:Spine/mixamorig:Spine1/mixamorig:Spine2/mixamorig:LeftShoulder/mixamorig:LeftArm/mixamorig:LeftForeArm/mixamorig:LeftHand/mixamorig:LeftHandIndex1/mixamorig:LeftHandIndex2",
                "Armature/mixamorig:Hips/mixamorig:Spine/mixamorig:Spine1/mixamorig:Spine2/mixamorig:LeftShoulder/mixamorig:LeftArm/mixamorig:LeftForeArm/mixamorig:LeftHand/mixamorig:LeftHandIndex1/mixamorig:LeftHandIndex2/mixamorig:LeftHandIndex3",
                "Armature/mixamorig:Hips/mixamorig:Spine/mixamorig:Spine1/mixamorig:Spine2/mixamorig:RightShoulder",
                "Armature/mixamorig:Hips/mixamorig:Spine/mixamorig:Spine1/mixamorig:Spine2/mixamorig:RightShoulder/mixamorig:RightArm",
                "Armature/mixamorig:Hips/mixamorig:Spine/mixamorig:Spine1/mixamorig:Spine2/mixamorig:RightShoulder/mixamorig:RightArm/mixamorig:RightForeArm",
                "Armature/mixamorig:Hips/mixamorig:Spine/mixamorig:Spine1/mixamorig:Spine2/mixamorig:RightShoulder/mixamorig:RightArm/mixamorig:RightForeArm/mixamorig:RightHand",
                "Armature/mixamorig:Hips/mixamorig:Spine/mixamorig:Spine1/mixamorig:Spine2/mixamorig:RightShoulder/mixamorig:RightArm/mixamorig:RightForeArm/mixamorig:RightHand/mixamorig:RightHandIndex1",
                "Armature/mixamorig:Hips/mixamorig:Spine/mixamorig:Spine1/mixamorig:Spine2/mixamorig:RightShoulder/mixamorig:RightArm/mixamorig:RightForeArm/mixamorig:RightHand/mixamorig:RightHandIndex1/mixamorig:RightHandIndex2",
                "Armature/mixamorig:Hips/mixamorig:Spine/mixamorig:Spine1/mixamorig:Spine2/mixamorig:RightShoulder/mixamorig:RightArm/mixamorig:RightForeArm/mixamorig:RightHand/mixamorig:RightHandIndex1/mixamorig:RightHandIndex2/mixamorig:RightHandIndex3",
                "Armature/mixamorig:Hips/mixamorig:LeftUpLeg",
                "Armature/mixamorig:Hips/mixamorig:LeftUpLeg/mixamorig:LeftLeg",
                "Armature/mixamorig:Hips/mixamorig:LeftUpLeg/mixamorig:LeftLeg/mixamorig:LeftFoot",
                "Armature/mixamorig:Hips/mixamorig:LeftUpLeg/mixamorig:LeftLeg/mixamorig:LeftFoot/mixamorig:LeftToeBase",
                "Armature/mixamorig:Hips/mixamorig:RightUpLeg",
                "Armature/mixamorig:Hips/mixamorig:RightUpLeg/mixamorig:RightLeg",
                "Armature/mixamorig:Hips/mixamorig:RightUpLeg/mixamorig:RightLeg/mixamorig:RightFoot",
                "Armature/mixamorig:Hips/mixamorig:RightUpLeg/mixamorig:RightLeg/mixamorig:RightFoot/mixamorig:RightToeBase"
            ],
            [
                [
                    [
                        7,
                        1,
                        -1.3969836398786128e-9,
                        6.984918754504577e-10,
                        0,
                        1.3969836398786128e-9,
                        1,
                        -1.4018297633811017e-9,
                        0,
                        -6.984918754504577e-10,
                        1.4018297633811017e-9,
                        1,
                        0,
                        0.0005407761200331151,
                        -1.424464225769043,
                        -0.02534947544336319,
                        1
                    ],
                    [
                        7,
                        1,
                        -1.4850922713804948e-9,
                        4.836890887816025e-10,
                        0,
                        1.3969836398786128e-9,
                        0.9889516830444336,
                        0.14823777973651886,
                        0,
                        -6.984919309616089e-10,
                        -0.14823776483535767,
                        0.9889518022537231,
                        0,
                        0.0005407761200331151,
                        -1.588773488998413,
                        -0.2362288236618042,
                        1
                    ],
                    [
                        7,
                        1,
                        -1.3330849757409169e-9,
                        4.950182486140875e-10,
                        0,
                        1.244976344239035e-9,
                        0.9889516830444336,
                        0.14823780953884125,
                        0,
                        -6.871627156179727e-10,
                        -0.14823779463768005,
                        0.9889518022537231,
                        0,
                        0.0005407763528637588,
                        -1.8032130002975464,
                        -0.23622894287109375,
                        1
                    ],
                    [
                        7,
                        1,
                        -1.6308313588453416e-9,
                        4.728271107978799e-10,
                        0,
                        1.5427225052988547e-9,
                        0.9889518618583679,
                        0.14823774993419647,
                        0,
                        -7.093539089453316e-10,
                        -0.14823776483535767,
                        0.9889518022537231,
                        0,
                        0.0005407758289948106,
                        -2.048286199569702,
                        -0.23622874915599823,
                        1
                    ],
                    [
                        7,
                        1,
                        -1.3969836398786128e-9,
                        6.984918754504577e-10,
                        0,
                        1.3969836398786128e-9,
                        1,
                        -9.548621449084749e-9,
                        0,
                        -6.984918754504577e-10,
                        9.548621449084749e-9,
                        1,
                        0,
                        0.000540776236448437,
                        -2.333336114883423,
                        0.11088476330041885,
                        1
                    ],
                    [
                        7,
                        1,
                        -1.3969838619232178e-9,
                        6.984918754504577e-10,
                        0,
                        1.3969836398786128e-9,
                        1.0000001192092896,
                        2.422552469738548e-8,
                        0,
                        -6.984919309616089e-10,
                        -2.422552825009916e-8,
                        1,
                        0,
                        0.0005407761200331151,
                        -2.498978853225708,
                        0.036534201353788376,
                        1
                    ],
                    [
                        7,
                        -0.05802525207400322,
                        0.9031187891960144,
                        -0.42545264959335327,
                        0,
                        -0.15015918016433716,
                        -0.4292178153991699,
                        -0.8906314969062805,
                        0,
                        -0.986957848072052,
                        0.012206497602164745,
                        0.16051697731018066,
                        0,
                        0.24029646813869476,
                        0.8890429735183716,
                        2.091613531112671,
                        1
                    ],
                    [
                        7,
                        -0.025976015254855156,
                        0.9996615648269653,
                        0.001485398504883051,
                        0,
                        -0.08298762887716293,
                        -0.0006756412913091481,
                        -0.9965505003929138,
                        0,
                        -0.9962122440338135,
                        -0.02600967325270176,
                        0.08297707140445709,
                        0,
                        0.08286254107952118,
                        -0.31748393177986145,
                        2.1790266036987305,
                        1
                    ],
                    [
                        7,
                        0.027526279911398888,
                        0.9995381832122803,
                        -0.012878798879683018,
                        0,
                        -0.08290526270866394,
                        -0.010556545108556747,
                        -0.9965017437934875,
                        0,
                        -0.9961774349212646,
                        0.028497695922851562,
                        0.08257637917995453,
                        0,
                        0.045495014637708664,
                        -0.6685210466384888,
                        2.1888582706451416,
                        1
                    ],
                    [
                        7,
                        -0.07232287526130676,
                        0.9973408579826355,
                        0.008990637958049774,
                        0,
                        -0.081438347697258,
                        0.0030790665186941624,
                        -0.996673583984375,
                        0,
                        -0.9940510988235474,
                        -0.0728144720196724,
                        0.08099907636642456,
                        0,
                        0.153276264667511,
                        -1.1205039024353027,
                        2.1648099422454834,
                        1
                    ],
                    [
                        7,
                        0.09795841574668884,
                        -0.9192633628845215,
                        -0.3812601566314697,
                        0,
                        0.08148682117462158,
                        0.3892250657081604,
                        -0.9175318479537964,
                        0,
                        0.9918491244316101,
                        0.05881224572658539,
                        0.11303573101758957,
                        0,
                        -0.19060492515563965,
                        0.48579785227775574,
                        2.559170961380005,
                        1
                    ],
                    [
                        7,
                        0.0979524478316307,
                        -0.9192661643028259,
                        -0.3812553584575653,
                        0,
                        0.08149533718824387,
                        0.3892201781272888,
                        -0.9175331592559814,
                        0,
                        0.9918490052223206,
                        0.05880406126379967,
                        0.1130409687757492,
                        0,
                        -0.1906149536371231,
                        0.4807702600955963,
                        2.5591683387756348,
                        1
                    ],
                    [
                        7,
                        0.0979556143283844,
                        -0.9192659258842468,
                        -0.38125526905059814,
                        0,
                        0.08149061352014542,
                        0.3892202079296112,
                        -0.9175336956977844,
                        0,
                        0.9918490648269653,
                        0.0588088221848011,
                        0.1130378469824791,
                        0,
                        -0.1901903599500656,
                        0.4730791747570038,
                        2.5569934844970703,
                        1
                    ],
                    [
                        7,
                        -0.08482819050550461,
                        -0.903118371963501,
                        0.4209294021129608,
                        0,
                        0.15047557651996613,
                        -0.4292183220386505,
                        -0.8905779123306274,
                        0,
                        0.9849679470062256,
                        -0.01220650877803564,
                        0.17230704426765442,
                        0,
                        -0.24116505682468414,
                        0.8853605389595032,
                        2.0932822227478027,
                        1
                    ],
                    [
                        7,
                        0.00473441556096077,
                        -0.999988853931427,
                        0.0004983284161426127,
                        0,
                        -0.03837892413139343,
                        -0.000679670600220561,
                        -0.9992632269859314,
                        0,
                        0.9992520809173584,
                        0.004711801651865244,
                        -0.03838171437382698,
                        0,
                        0.20026353001594543,
                        -0.3153465986251831,
                        2.1723015308380127,
                        1
                    ],
                    [
                        7,
                        0.022557759657502174,
                        -0.9996986389160156,
                        0.009701743721961975,
                        0,
                        -0.03836054727435112,
                        -0.010562575422227383,
                        -0.9992082715034485,
                        0,
                        0.9990094304084778,
                        0.022167736664414406,
                        -0.03858724981546402,
                        0,
                        0.21260519325733185,
                        -0.6705016493797302,
                        2.1785659790039062,
                        1
                    ],
                    [
                        7,
                        -0.019588777795433998,
                        -0.9994528293609619,
                        -0.02665952779352665,
                        0,
                        -0.03877140209078789,
                        0.027403954416513443,
                        -0.9988723397254944,
                        0,
                        0.9990561604499817,
                        -0.01853306218981743,
                        -0.03928698971867561,
                        0,
                        0.16671083867549896,
                        -1.1711173057556152,
                        2.1373953819274902,
                        1
                    ],
                    [
                        7,
                        -0.24338163435459137,
                        -0.9699307084083557,
                        -0.00032687699422240257,
                        0,
                        -0.031632423400878906,
                        0.008274257183074951,
                        -0.9994652271270752,
                        0,
                        0.9694147109985352,
                        -0.24324120581150055,
                        -0.03269505128264427,
                        0,
                        -0.13107836246490479,
                        -1.2535439729690552,
                        2.1722280979156494,
                        1
                    ],
                    [
                        7,
                        -0.24338048696517944,
                        -0.9699311852455139,
                        -0.00032801576890051365,
                        0,
                        -0.031633760780096054,
                        0.008275724947452545,
                        -0.9994653463363647,
                        0,
                        0.9694150686264038,
                        -0.24324001371860504,
                        -0.03269670531153679,
                        0,
                        -0.13107381761074066,
                        -1.3206201791763306,
                        2.172226905822754,
                        1
                    ],
                    [
                        7,
                        -0.24338115751743317,
                        -0.9699310064315796,
                        -0.00032672579982317984,
                        0,
                        -0.03163304924964905,
                        0.008274240419268608,
                        -0.9994651675224304,
                        0,
                        0.9694149494171143,
                        -0.24324072897434235,
                        -0.032695647329092026,
                        0,
                        -0.1639278531074524,
                        -1.4197447299957275,
                        2.173391819000244,
                        1
                    ],
                    [
                        7,
                        -0.9996377229690552,
                        0.02690163254737854,
                        8.841856811159232e-7,
                        0,
                        -0.026887215673923492,
                        -0.9991036057472229,
                        0.0326923243701458,
                        0,
                        0.0008803604869171977,
                        0.03268048167228699,
                        0.9994649291038513,
                        0,
                        0.14756475389003754,
                        1.3189332485198975,
                        -0.057481683790683746,
                        1
                    ],
                    [
                        7,
                        -0.999718964099884,
                        -0.023409148678183556,
                        -0.0036064106971025467,
                        0,
                        0.02367265149950981,
                        -0.9925125241279602,
                        -0.11982450634241104,
                        0,
                        -0.0007744183531031013,
                        -0.11987629532814026,
                        0.9927878975868225,
                        0,
                        0.1138661578297615,
                        0.6701948642730713,
                        0.045087866485118866,
                        1
                    ],
                    [
                        7,
                        -0.9988059401512146,
                        0.03374635428190231,
                        0.035313110798597336,
                        0,
                        0.018076859414577484,
                        -0.41624781489372253,
                        0.9090713858604431,
                        0,
                        0.04537685960531235,
                        0.9086243510246277,
                        0.4151410460472107,
                        0,
                        0.11583910137414932,
                        0.07746496796607971,
                        -0.11227729171514511,
                        1
                    ],
                    [
                        7,
                        -0.9991293549537659,
                        0.018453748896718025,
                        -0.03740716725587845,
                        0,
                        -0.03635164350271225,
                        0.05455208197236061,
                        0.9978488683700562,
                        0,
                        0.02045470103621483,
                        0.9983397126197815,
                        -0.05383380502462387,
                        0,
                        0.12234975397586823,
                        -0.20524567365646362,
                        -0.010843535885214806,
                        1
                    ],
                    [
                        7,
                        -0.9996377825737,
                        -0.02690521441400051,
                        -0.0000012100601907150121,
                        0,
                        0.026894371956586838,
                        -0.9992366433143616,
                        0.02833235077559948,
                        0,
                        -0.000763497082516551,
                        0.028322067111730576,
                        0.9995984435081482,
                        0,
                        -0.14865700900554657,
                        1.3191410303115845,
                        -0.051734261214733124,
                        1
                    ],
                    [
                        7,
                        -0.9997196793556213,
                        0.023407943546772003,
                        0.003514958545565605,
                        0,
                        -0.023660773411393166,
                        -0.9924635291099548,
                        -0.12023646384477615,
                        0,
                        0.0006739795790053904,
                        -0.12028596550226212,
                        0.9927390217781067,
                        0,
                        -0.11494994908571243,
                        0.6698602437973022,
                        0.048177480697631836,
                        1
                    ],
                    [
                        7,
                        -0.9987586140632629,
                        -0.03445696830749512,
                        -0.03596288710832596,
                        0,
                        -0.017924340441823006,
                        -0.42501300573349,
                        0.9050096869468689,
                        0,
                        -0.0464685820043087,
                        0.9045311212539673,
                        0.42386797070503235,
                        0,
                        -0.11710809916257858,
                        0.08115781098604202,
                        -0.11030284315347672,
                        1
                    ],
                    [
                        7,
                        -0.9991174340248108,
                        -0.01890506222844124,
                        0.03750326856970787,
                        0,
                        0.036395277827978134,
                        0.05588900297880173,
                        0.9977735280990601,
                        0,
                        -0.02095898799598217,
                        0.9982577562332153,
                        -0.05515165627002716,
                        0,
                        -0.12351365387439728,
                        -0.19651073217391968,
                        -0.01101166382431984,
                        1
                    ]
                ],
                8,
                8,
                8,
                8,
                8,
                8,
                8,
                8,
                8,
                8,
                8,
                8,
                8,
                8,
                8,
                8,
                8,
                8,
                8,
                8,
                8,
                8,
                8,
                8,
                8,
                8,
                8,
                8
            ]
        ]
    ],
    0,
    0,
    [],
    [],
    []
]
