[
    1,
    0,
    0,
    [
        [
            "cc.Skeleton",
            [
                "_name",
                "_hash",
                "_joints",
                "_bindposes"
            ],
            0,
            12
        ]
    ],
    [
        [
            0,
            0,
            1,
            2,
            3,
            4
        ]
    ],
    [
        [
            0,
            "Skin-2",
            1320374394,
            [
                "mixamorig:Hips/mixamorig:Spine/mixamorig:Spine1/mixamorig:Spine2/mixamorig:Neck",
                "mixamorig:Hips/mixamorig:Spine/mixamorig:Spine1/mixamorig:Spine2/mixamorig:Neck/mixamorig:Head",
                "mixamorig:Hips/mixamorig:Spine/mixamorig:Spine1/mixamorig:Spine2",
                "mixamorig:Hips/mixamorig:Spine/mixamorig:Spine1/mixamorig:Spine2/mixamorig:LeftShoulder",
                "mixamorig:Hips/mixamorig:Spine/mixamorig:Spine1/mixamorig:Spine2/mixamorig:LeftShoulder/mixamorig:LeftArm"
            ],
            [
                [
                    [
                        7,
                        1,
                        0,
                        0,
                        0,
                        0,
                        1,
                        0,
                        0,
                        0,
                        0,
                        1,
                        0,
                        3.814700022530815e-8,
                        -0.661312997341156,
                        0.01440867967903614,
                        1
                    ],
                    [
                        7,
                        1,
                        0,
                        0,
                        0,
                        0,
                        1,
                        0,
                        0,
                        0,
                        0,
                        1,
                        0,
                        3.814700022530815e-8,
                        -0.7451436519622803,
                        0.02015651948750019,
                        1
                    ],
                    [
                        7,
                        1,
                        0,
                        0,
                        0,
                        0,
                        0.9968389868736267,
                        0.07944399863481522,
                        0,
                        0,
                        -0.07944399863481522,
                        0.9968389868736267,
                        0,
                        3.814700022530815e-8,
                        -0.6023696064949036,
                        -0.03817420080304146,
                        1
                    ],
                    [
                        7,
                        -0.0308699794113636,
                        0.9953270554542542,
                        -0.09149833768606186,
                        0,
                        -0.08220931142568588,
                        -0.0937601774930954,
                        -0.9921950101852417,
                        0,
                        -0.9961370229721069,
                        -0.023107027634978294,
                        0.08471949398517609,
                        0,
                        0.03984997794032097,
                        0.025037318468093872,
                        0.6556342840194702,
                        1
                    ],
                    [
                        7,
                        -0.08225024491548538,
                        0.9933419823646545,
                        0.08066292852163315,
                        0,
                        -0.07725554704666138,
                        0.0743386521935463,
                        -0.9942359924316406,
                        0,
                        -0.9936130046844482,
                        -0.08800780028104782,
                        0.07062679529190063,
                        0,
                        0.0423567071557045,
                        -0.15955717861652374,
                        0.637688934803009,
                        1
                    ]
                ],
                8,
                8,
                8,
                8,
                8
            ]
        ]
    ],
    0,
    0,
    [],
    [],
    []
]
