[
    1,
    0,
    0,
    [
        [
            "cc.Skeleton",
            [
                "_name",
                "_hash",
                "_joints",
                "_bindposes"
            ],
            0,
            12
        ]
    ],
    [
        [
            0,
            0,
            1,
            2,
            3,
            4
        ]
    ],
    [
        [
            0,
            "Skin-0",
            4230076880,
            [
                "mixamorig:Hips/mixamorig:Spine/mixamorig:Spine1/mixamorig:Spine2",
                "mixamorig:Hips/mixamorig:Spine/mixamorig:Spine1",
                "mixamorig:Hips/mixamorig:Spine/mixamorig:Spine1/mixamorig:Spine2/mixamorig:RightShoulder",
                "mixamorig:Hips/mixamorig:Spine/mixamorig:Spine1/mixamorig:Spine2/mixamorig:LeftShoulder",
                "mixamorig:Hips/mixamorig:Spine/mixamorig:Spine1/mixamorig:Spine2/mixamorig:RightShoulder/mixamorig:RightArm",
                "mixamorig:Hips/mixamorig:Spine",
                "mixamorig:Hips",
                "mixamorig:Hips/mixamorig:LeftUpLeg",
                "mixamorig:Hips/mixamorig:RightUpLeg",
                "mixamorig:Hips/mixamorig:RightUpLeg/mixamorig:RightLeg/mixamorig:RightFoot",
                "mixamorig:Hips/mixamorig:LeftUpLeg/mixamorig:LeftLeg/mixamorig:LeftFoot",
                "mixamorig:Hips/mixamorig:Spine/mixamorig:Spine1/mixamorig:Spine2/mixamorig:LeftShoulder/mixamorig:LeftArm",
                "mixamorig:Hips/mixamorig:Spine/mixamorig:Spine1/mixamorig:Spine2/mixamorig:LeftShoulder/mixamorig:LeftArm/mixamorig:LeftForeArm",
                "mixamorig:Hips/mixamorig:Spine/mixamorig:Spine1/mixamorig:Spine2/mixamorig:LeftShoulder/mixamorig:LeftArm/mixamorig:LeftForeArm/mixamorig:LeftHand",
                "mixamorig:Hips/mixamorig:Spine/mixamorig:Spine1/mixamorig:Spine2/mixamorig:Neck",
                "mixamorig:Hips/mixamorig:RightUpLeg/mixamorig:RightLeg",
                "mixamorig:Hips/mixamorig:RightUpLeg/mixamorig:RightLeg/mixamorig:RightFoot/mixamorig:RightToeBase",
                "mixamorig:Hips/mixamorig:LeftUpLeg/mixamorig:LeftLeg/mixamorig:LeftFoot/mixamorig:LeftToeBase",
                "mixamorig:Hips/mixamorig:LeftUpLeg/mixamorig:LeftLeg",
                "mixamorig:Hips/mixamorig:Spine/mixamorig:Spine1/mixamorig:Spine2/mixamorig:Neck/mixamorig:Head",
                "mixamorig:Hips/mixamorig:Spine/mixamorig:Spine1/mixamorig:Spine2/mixamorig:RightShoulder/mixamorig:RightArm/mixamorig:RightForeArm",
                "mixamorig:Hips/mixamorig:Spine/mixamorig:Spine1/mixamorig:Spine2/mixamorig:RightShoulder/mixamorig:RightArm/mixamorig:RightForeArm/mixamorig:RightHand",
                "mixamorig:Hips/mixamorig:Spine/mixamorig:Spine1/mixamorig:Spine2/mixamorig:RightShoulder/mixamorig:RightArm/mixamorig:RightForeArm/mixamorig:RightHand/mixamorig:RightHandThumb1",
                "mixamorig:Hips/mixamorig:Spine/mixamorig:Spine1/mixamorig:Spine2/mixamorig:RightShoulder/mixamorig:RightArm/mixamorig:RightForeArm/mixamorig:RightHand/mixamorig:RightHandIndex1",
                "mixamorig:Hips/mixamorig:Spine/mixamorig:Spine1/mixamorig:Spine2/mixamorig:RightShoulder/mixamorig:RightArm/mixamorig:RightForeArm/mixamorig:RightHand/mixamorig:RightHandThumb1/mixamorig:RightHandThumb2",
                "mixamorig:Hips/mixamorig:Spine/mixamorig:Spine1/mixamorig:Spine2/mixamorig:RightShoulder/mixamorig:RightArm/mixamorig:RightForeArm/mixamorig:RightHand/mixamorig:RightHandThumb1/mixamorig:RightHandThumb2/mixamorig:RightHandThumb3",
                "mixamorig:Hips/mixamorig:Spine/mixamorig:Spine1/mixamorig:Spine2/mixamorig:RightShoulder/mixamorig:RightArm/mixamorig:RightForeArm/mixamorig:RightHand/mixamorig:RightHandIndex1/mixamorig:RightHandIndex2",
                "mixamorig:Hips/mixamorig:Spine/mixamorig:Spine1/mixamorig:Spine2/mixamorig:RightShoulder/mixamorig:RightArm/mixamorig:RightForeArm/mixamorig:RightHand/mixamorig:RightHandIndex1/mixamorig:RightHandIndex2/mixamorig:RightHandIndex3",
                "mixamorig:Hips/mixamorig:Spine/mixamorig:Spine1/mixamorig:Spine2/mixamorig:RightShoulder/mixamorig:RightArm/mixamorig:RightForeArm/mixamorig:RightHand/mixamorig:RightHandMiddle1",
                "mixamorig:Hips/mixamorig:Spine/mixamorig:Spine1/mixamorig:Spine2/mixamorig:RightShoulder/mixamorig:RightArm/mixamorig:RightForeArm/mixamorig:RightHand/mixamorig:RightHandMiddle1/mixamorig:RightHandMiddle2",
                "mixamorig:Hips/mixamorig:Spine/mixamorig:Spine1/mixamorig:Spine2/mixamorig:RightShoulder/mixamorig:RightArm/mixamorig:RightForeArm/mixamorig:RightHand/mixamorig:RightHandMiddle1/mixamorig:RightHandMiddle2/mixamorig:RightHandMiddle3",
                "mixamorig:Hips/mixamorig:Spine/mixamorig:Spine1/mixamorig:Spine2/mixamorig:RightShoulder/mixamorig:RightArm/mixamorig:RightForeArm/mixamorig:RightHand/mixamorig:RightHandRing1",
                "mixamorig:Hips/mixamorig:Spine/mixamorig:Spine1/mixamorig:Spine2/mixamorig:RightShoulder/mixamorig:RightArm/mixamorig:RightForeArm/mixamorig:RightHand/mixamorig:RightHandRing1/mixamorig:RightHandRing2",
                "mixamorig:Hips/mixamorig:Spine/mixamorig:Spine1/mixamorig:Spine2/mixamorig:RightShoulder/mixamorig:RightArm/mixamorig:RightForeArm/mixamorig:RightHand/mixamorig:RightHandRing1/mixamorig:RightHandRing2/mixamorig:RightHandRing3",
                "mixamorig:Hips/mixamorig:Spine/mixamorig:Spine1/mixamorig:Spine2/mixamorig:LeftShoulder/mixamorig:LeftArm/mixamorig:LeftForeArm/mixamorig:LeftHand/mixamorig:LeftHandThumb1",
                "mixamorig:Hips/mixamorig:Spine/mixamorig:Spine1/mixamorig:Spine2/mixamorig:LeftShoulder/mixamorig:LeftArm/mixamorig:LeftForeArm/mixamorig:LeftHand/mixamorig:LeftHandThumb1/mixamorig:LeftHandThumb2",
                "mixamorig:Hips/mixamorig:Spine/mixamorig:Spine1/mixamorig:Spine2/mixamorig:LeftShoulder/mixamorig:LeftArm/mixamorig:LeftForeArm/mixamorig:LeftHand/mixamorig:LeftHandThumb1/mixamorig:LeftHandThumb2/mixamorig:LeftHandThumb3",
                "mixamorig:Hips/mixamorig:Spine/mixamorig:Spine1/mixamorig:Spine2/mixamorig:LeftShoulder/mixamorig:LeftArm/mixamorig:LeftForeArm/mixamorig:LeftHand/mixamorig:LeftHandIndex1",
                "mixamorig:Hips/mixamorig:Spine/mixamorig:Spine1/mixamorig:Spine2/mixamorig:LeftShoulder/mixamorig:LeftArm/mixamorig:LeftForeArm/mixamorig:LeftHand/mixamorig:LeftHandIndex1/mixamorig:LeftHandIndex2",
                "mixamorig:Hips/mixamorig:Spine/mixamorig:Spine1/mixamorig:Spine2/mixamorig:LeftShoulder/mixamorig:LeftArm/mixamorig:LeftForeArm/mixamorig:LeftHand/mixamorig:LeftHandIndex1/mixamorig:LeftHandIndex2/mixamorig:LeftHandIndex3",
                "mixamorig:Hips/mixamorig:Spine/mixamorig:Spine1/mixamorig:Spine2/mixamorig:LeftShoulder/mixamorig:LeftArm/mixamorig:LeftForeArm/mixamorig:LeftHand/mixamorig:LeftHandMiddle1",
                "mixamorig:Hips/mixamorig:Spine/mixamorig:Spine1/mixamorig:Spine2/mixamorig:LeftShoulder/mixamorig:LeftArm/mixamorig:LeftForeArm/mixamorig:LeftHand/mixamorig:LeftHandMiddle1/mixamorig:LeftHandMiddle2",
                "mixamorig:Hips/mixamorig:Spine/mixamorig:Spine1/mixamorig:Spine2/mixamorig:LeftShoulder/mixamorig:LeftArm/mixamorig:LeftForeArm/mixamorig:LeftHand/mixamorig:LeftHandMiddle1/mixamorig:LeftHandMiddle2/mixamorig:LeftHandMiddle3",
                "mixamorig:Hips/mixamorig:Spine/mixamorig:Spine1/mixamorig:Spine2/mixamorig:LeftShoulder/mixamorig:LeftArm/mixamorig:LeftForeArm/mixamorig:LeftHand/mixamorig:LeftHandRing1",
                "mixamorig:Hips/mixamorig:Spine/mixamorig:Spine1/mixamorig:Spine2/mixamorig:LeftShoulder/mixamorig:LeftArm/mixamorig:LeftForeArm/mixamorig:LeftHand/mixamorig:LeftHandRing1/mixamorig:LeftHandRing2",
                "mixamorig:Hips/mixamorig:Spine/mixamorig:Spine1/mixamorig:Spine2/mixamorig:LeftShoulder/mixamorig:LeftArm/mixamorig:LeftForeArm/mixamorig:LeftHand/mixamorig:LeftHandRing1/mixamorig:LeftHandRing2/mixamorig:LeftHandRing3"
            ],
            [
                [
                    [
                        7,
                        1,
                        0,
                        0,
                        0,
                        0,
                        0.9959394931793213,
                        0.0900251567363739,
                        0,
                        0,
                        -0.0900251567363739,
                        0.9959394931793213,
                        0,
                        0,
                        -347.95343017578125,
                        6.127689838409424,
                        1
                    ],
                    [
                        7,
                        1,
                        0,
                        0,
                        0,
                        0,
                        0.9959394931793213,
                        0.0900251567363739,
                        0,
                        0,
                        -0.0900251567363739,
                        0.9959394931793213,
                        0,
                        0,
                        -69.41835021972656,
                        6.12769079208374,
                        1
                    ],
                    [
                        7,
                        -0.07711807638406754,
                        -0.8313446044921875,
                        0.5503807663917542,
                        0,
                        0.10832353681325912,
                        -0.5557432770729065,
                        -0.8242666125297546,
                        0,
                        0.9911199808120728,
                        -0.003946664743125439,
                        0.1329120397567749,
                        0,
                        -0.38372838497161865,
                        201.14190673828125,
                        506.63287353515625,
                        1
                    ],
                    [
                        7,
                        -0.06777174770832062,
                        0.831344485282898,
                        -0.5516097545623779,
                        0,
                        -0.10842401534318924,
                        -0.555743396282196,
                        -0.8242533206939697,
                        0,
                        -0.9917919039726257,
                        0.003946659155189991,
                        0.12780141830444336,
                        0,
                        0.3933461606502533,
                        201.6600799560547,
                        506.2903137207031,
                        1
                    ],
                    [
                        7,
                        -0.13235366344451904,
                        -0.6087035536766052,
                        0.7822802662849426,
                        0,
                        0.07104378193616867,
                        -0.7930192351341248,
                        -0.6050398349761963,
                        0,
                        0.9886532425880432,
                        -0.024503091350197792,
                        0.14820361137390137,
                        0,
                        -4.760415554046631,
                        97.61685180664062,
                        501.4373474121094,
                        1
                    ],
                    [
                        7,
                        1,
                        0,
                        0,
                        0,
                        0,
                        0.9959394931793213,
                        0.09002514183521271,
                        0,
                        0,
                        -0.09002514183521271,
                        0.9959394931793213,
                        0,
                        0,
                        174.2997283935547,
                        6.127690315246582,
                        1
                    ],
                    [
                        7,
                        1,
                        0,
                        0,
                        0,
                        0,
                        1,
                        0,
                        0,
                        0,
                        0,
                        1,
                        0,
                        0,
                        382.1966552734375,
                        -28.394914627075195,
                        1
                    ],
                    [
                        7,
                        -0.9999386072158813,
                        0.011079506948590279,
                        -1.219772302911079e-13,
                        0,
                        -0.011079506948590279,
                        -0.9999385476112366,
                        0.0003166830283589661,
                        0,
                        0.0000035086918614979368,
                        0.000316663587000221,
                        0.9999999403953552,
                        0,
                        150.3617706298828,
                        -499.3890686035156,
                        -24.924915313720703,
                        1
                    ],
                    [
                        7,
                        -0.9999386072158813,
                        -0.011079084128141403,
                        -1.5849508120877043e-12,
                        0,
                        0.011078660376369953,
                        -0.9999004006385803,
                        0.00874650664627552,
                        0,
                        -0.00009690328442957252,
                        0.008745970204472542,
                        0.9999617338180542,
                        0,
                        -150.36012268066406,
                        -499.557373046875,
                        -17.979270935058594,
                        1
                    ],
                    [
                        7,
                        -0.9951983690261841,
                        -0.07380703836679459,
                        -0.06428656727075577,
                        0,
                        -0.010084833018481731,
                        -0.5759812593460083,
                        0.8174006938934326,
                        0,
                        -0.09735777974128723,
                        0.8141241073608398,
                        0.5724713206291199,
                        0,
                        -162.6372528076172,
                        -499.08380126953125,
                        608.4306640625,
                        1
                    ],
                    [
                        7,
                        -0.9968318343162537,
                        0.07157616317272186,
                        0.03468559682369232,
                        0,
                        -0.011249000206589699,
                        -0.558576762676239,
                        0.8293765187263489,
                        0,
                        0.07873816043138504,
                        0.8263587951660156,
                        0.5576122999191284,
                        0,
                        147.7656707763672,
                        -476.5289611816406,
                        629.2909545898438,
                        1
                    ],
                    [
                        7,
                        -0.1332704722881317,
                        0.6086015701293945,
                        -0.7822039723396301,
                        0,
                        -0.06415797024965286,
                        -0.7928866744041443,
                        -0.60598224401474,
                        0,
                        -0.9890008568763733,
                        -0.030574917793273926,
                        0.14471502602100372,
                        0,
                        5.542762279510498,
                        97.28878784179688,
                        501.0793762207031,
                        1
                    ],
                    [
                        7,
                        0.06355369091033936,
                        0.997977614402771,
                        -0.0012775424402207136,
                        0,
                        -0.9972022771835327,
                        0.06345373392105103,
                        -0.03951198235154152,
                        0,
                        -0.03935100883245468,
                        0.003785100532695651,
                        0.9992182850837708,
                        0,
                        23.121360778808594,
                        -580.2025146484375,
                        79.49286651611328,
                        1
                    ],
                    [
                        7,
                        -0.13912977278232574,
                        0.9780588746070862,
                        0.15506049990653992,
                        0,
                        -0.24133451282978058,
                        0.11837399005889893,
                        -0.9631953239440918,
                        0,
                        -0.960416853427887,
                        -0.17143060266971588,
                        0.21957001090049744,
                        0,
                        70.2613525390625,
                        -884.4529418945312,
                        -40.84550476074219,
                        1
                    ],
                    [
                        7,
                        1,
                        0,
                        0,
                        0,
                        0,
                        1,
                        -1.3877787807814457e-17,
                        0,
                        0,
                        1.3877787807814457e-17,
                        1,
                        0,
                        0,
                        -658.0684204101562,
                        65.63690948486328,
                        1
                    ],
                    [
                        7,
                        -0.9998119473457336,
                        -0.018611550331115723,
                        0.005449443124234676,
                        0,
                        0.01939220167696476,
                        -0.9570323824882507,
                        0.2893318235874176,
                        0,
                        -0.000169620499946177,
                        0.2893831133842468,
                        0.9572133421897888,
                        0,
                        -144.29043579101562,
                        -706.2036743164062,
                        188.04159545898438,
                        1
                    ],
                    [
                        7,
                        -0.9766560196876526,
                        -0.17756478488445282,
                        -0.12088757008314133,
                        0,
                        -0.12338750809431076,
                        0.0030631693080067635,
                        0.9923538565635681,
                        0,
                        -0.17583680152893066,
                        0.984104335308075,
                        -0.02490093931555748,
                        0,
                        -245.4737548828125,
                        -338.66326904296875,
                        956.7714233398438,
                        1
                    ],
                    [
                        7,
                        -0.9751748442649841,
                        0.17765633761882782,
                        0.13218259811401367,
                        0,
                        0.13486550748348236,
                        0.003057053778320551,
                        0.9908592104911804,
                        0,
                        0.17562831938266754,
                        0.9840878248214722,
                        -0.02694087289273739,
                        0,
                        256.1915588378906,
                        -340.4109802246094,
                        953.91796875,
                        1
                    ],
                    [
                        7,
                        -0.9998109936714172,
                        0.0193405169993639,
                        -0.001992016565054655,
                        0,
                        -0.019442832097411156,
                        -0.9945170879364014,
                        0.10275070369243622,
                        0,
                        0.000006157215011626249,
                        0.10277000814676285,
                        0.9947051405906677,
                        0,
                        144.25743103027344,
                        -729.1288452148438,
                        50.041358947753906,
                        1
                    ],
                    [
                        7,
                        1,
                        0,
                        0,
                        0,
                        0,
                        1,
                        -1.3877787807814457e-17,
                        0,
                        0,
                        1.3877787807814457e-17,
                        1,
                        0,
                        0,
                        -967.1727294921875,
                        82.75398254394531,
                        1
                    ],
                    [
                        7,
                        0.06327278167009354,
                        -0.9979642033576965,
                        -0.007998759858310223,
                        0,
                        0.9976779222488403,
                        0.06345298886299133,
                        -0.024748362600803375,
                        0,
                        0.025205524638295174,
                        -0.006414288654923439,
                        0.9996616840362549,
                        0,
                        -24.375112533569336,
                        -580.9779052734375,
                        73.95896911621094,
                        1
                    ],
                    [
                        7,
                        -0.07370208203792572,
                        -0.9853106737136841,
                        -0.15404842793941498,
                        0,
                        0.20702503621578217,
                        0.13598743081092834,
                        -0.9688385128974915,
                        0,
                        0.9755555391311646,
                        -0.10329730063676834,
                        0.19396141171455383,
                        0,
                        -4.9176249504089355,
                        -887.5657958984375,
                        -40.672698974609375,
                        1
                    ],
                    [
                        7,
                        0.4059068560600281,
                        -0.8402734994888306,
                        0.35941633582115173,
                        0,
                        0.11692161858081818,
                        -0.342294305562973,
                        -0.9322896003723145,
                        0,
                        0.906404435634613,
                        0.4204463064670563,
                        -0.04069347307085991,
                        0,
                        410.96295166015625,
                        -747.3375244140625,
                        390.22454833984375,
                        1
                    ],
                    [
                        7,
                        0.14341290295124054,
                        -0.989435076713562,
                        0.02123725786805153,
                        0,
                        0.1723014861345291,
                        0.0038312519900500774,
                        -0.9850367903709412,
                        0,
                        0.9745485782623291,
                        0.14492620527744293,
                        0.17103058099746704,
                        0,
                        146.89735412597656,
                        -983.78466796875,
                        131.09030151367188,
                        1
                    ],
                    [
                        7,
                        0.4059068560600281,
                        -0.8450688719749451,
                        0.3479916751384735,
                        0,
                        0.11692161858081818,
                        -0.3296237587928772,
                        -0.9368444681167603,
                        0,
                        0.906404435634613,
                        0.42095935344696045,
                        -0.034989722073078156,
                        0,
                        404.01611328125,
                        -807.205078125,
                        379.3160705566406,
                        1
                    ],
                    [
                        7,
                        0.4059068560600281,
                        -0.89947909116745,
                        -0.16179296374320984,
                        0,
                        0.11692161858081818,
                        0.22668762505054474,
                        -0.9669240117073059,
                        0,
                        0.906404435634613,
                        0.3735640048980713,
                        0.19718261063098907,
                        0,
                        404.6457214355469,
                        -914.0645751953125,
                        -133.93959045410156,
                        1
                    ],
                    [
                        7,
                        0.14341290295124054,
                        -0.9860944747924805,
                        0.08396662771701813,
                        0,
                        0.1723014861345291,
                        -0.05866958573460579,
                        -0.9832955002784729,
                        0,
                        0.9745485782623291,
                        0.15548484027385712,
                        0.16149157285690308,
                        0,
                        142.78192138671875,
                        -1019.2842407226562,
                        196.15130615234375,
                        1
                    ],
                    [
                        7,
                        0.14341290295124054,
                        -0.9817689657211304,
                        0.12474967539310455,
                        0,
                        0.1723014861345291,
                        -0.09935838729143143,
                        -0.9800204634666443,
                        0,
                        0.9745485782623291,
                        0.16204212605953217,
                        0.15491096675395966,
                        0,
                        143.51339721679688,
                        -1053.9490966796875,
                        240.0238494873047,
                        1
                    ],
                    [
                        7,
                        -0.04399581253528595,
                        -0.9920790195465088,
                        -0.1176585704088211,
                        0,
                        0.20283585786819458,
                        0.10644922405481339,
                        -0.9734095335006714,
                        0,
                        0.9782239198684692,
                        -0.0666913241147995,
                        0.19654588401317596,
                        0,
                        30.94935417175293,
                        -1030.032470703125,
                        6.999910831451416,
                        1
                    ],
                    [
                        7,
                        -0.04399581253528595,
                        -0.9978191256523132,
                        -0.04920699819922447,
                        0,
                        0.20283585786819458,
                        0.03930708020925522,
                        -0.978423535823822,
                        0,
                        0.9782239198684692,
                        -0.05302748456597328,
                        0.20066416263580322,
                        0,
                        31.354318618774414,
                        -1064.822998046875,
                        80.36212158203125,
                        1
                    ],
                    [
                        7,
                        -0.04399581253528595,
                        -0.9972438812255859,
                        0.0597410574555397,
                        0,
                        0.20283585786819458,
                        -0.06747005879878998,
                        -0.9768855571746826,
                        0,
                        0.9782239198684692,
                        -0.030861247330904007,
                        0.2052452266216278,
                        0,
                        31.29977035522461,
                        -1087.41748046875,
                        199.96327209472656,
                        1
                    ],
                    [
                        7,
                        -0.46019214391708374,
                        -0.8843425512313843,
                        -0.07849522680044174,
                        0,
                        0.2440653145313263,
                        -0.041006263345479965,
                        -0.968891441822052,
                        0,
                        0.8536130785942078,
                        -0.4650341868400574,
                        0.23470810055732727,
                        0,
                        -352.221923828125,
                        -958.6195068359375,
                        33.764766693115234,
                        1
                    ],
                    [
                        7,
                        -0.46019214391708374,
                        -0.885739266872406,
                        -0.06073879078030586,
                        0,
                        0.2440653145313263,
                        -0.060434773564338684,
                        -0.9678738117218018,
                        0,
                        0.8536130785942078,
                        -0.4602321684360504,
                        0.24398984014987946,
                        0,
                        -343.29791259765625,
                        -994.7381591796875,
                        53.7308464050293,
                        1
                    ],
                    [
                        7,
                        -0.46019214391708374,
                        -0.8842447400093079,
                        0.07958939671516418,
                        0,
                        0.2440653145313263,
                        -0.21219143271446228,
                        -0.9462594389915466,
                        0,
                        0.8536130785942078,
                        -0.41603612899780273,
                        0.3134622871875763,
                        0,
                        -347.4369812011719,
                        -1012.9569702148438,
                        216.04544067382812,
                        1
                    ],
                    [
                        7,
                        0.30984702706336975,
                        0.8682810068130493,
                        -0.3874053359031677,
                        0,
                        -0.16362664103507996,
                        -0.35268232226371765,
                        -0.9213259816169739,
                        0,
                        -0.9366008639335632,
                        0.3488599359989166,
                        0.032796334475278854,
                        0,
                        -319.7924499511719,
                        -770.3081665039062,
                        419.6647644042969,
                        1
                    ],
                    [
                        7,
                        0.30984702706336975,
                        0.8216259479522705,
                        -0.47846174240112305,
                        0,
                        -0.16362664103507996,
                        -0.44963958859443665,
                        -0.8780948519706726,
                        0,
                        -0.9366008639335632,
                        0.35036414861679077,
                        -0.004879605956375599,
                        0,
                        -311.65594482421875,
                        -768.8511962890625,
                        505.2052001953125,
                        1
                    ],
                    [
                        7,
                        0.30984702706336975,
                        0.9506533145904541,
                        -0.01590932533144951,
                        0,
                        -0.16362664103507996,
                        0.036832842975854874,
                        -0.9858344793319702,
                        0,
                        -0.9366008639335632,
                        0.3080610930919647,
                        0.16696475446224213,
                        0,
                        -311.5926818847656,
                        -950.5014038085938,
                        46.6475715637207,
                        1
                    ],
                    [
                        7,
                        0.13621243834495544,
                        0.9862041473388672,
                        -0.09406129270792007,
                        0,
                        -0.1992904096841812,
                        -0.0657278373837471,
                        -0.9777336716651917,
                        0,
                        -0.9704275131225586,
                        0.1519249975681305,
                        0.18758808076381683,
                        0,
                        -137.03643798828125,
                        -978.0723876953125,
                        207.34213256835938,
                        1
                    ],
                    [
                        7,
                        0.13621243834495544,
                        0.9905470609664917,
                        0.01620914600789547,
                        0,
                        -0.1992904096841812,
                        0.04342471808195114,
                        -0.9789778590202332,
                        0,
                        -0.9704275131225586,
                        0.13011862337589264,
                        0.20332150161266327,
                        0,
                        -136.12339782714844,
                        -1040.2652587890625,
                        92.21466064453125,
                        1
                    ],
                    [
                        7,
                        0.13621243834495544,
                        0.9765740036964417,
                        0.16658146679401398,
                        0,
                        -0.1992904096841812,
                        0.1917223334312439,
                        -0.96100252866745,
                        0,
                        -0.9704275131225586,
                        0.09770240634679794,
                        0.2207367867231369,
                        0,
                        -136.5660400390625,
                        -1082.0047607421875,
                        -73.09664916992188,
                        1
                    ],
                    [
                        7,
                        -0.0075120883993804455,
                        0.978280246257782,
                        0.2071506232023239,
                        0,
                        -0.22340139746665955,
                        0.20027875900268555,
                        -0.9539288282394409,
                        0,
                        -0.9746975898742676,
                        -0.05344373732805252,
                        0.2170446664094925,
                        0,
                        -65.75630950927734,
                        -1027.88916015625,
                        -86.21144104003906,
                        1
                    ],
                    [
                        7,
                        -0.0075120883993804455,
                        0.9998427629470825,
                        -0.016061367467045784,
                        0,
                        -0.22340139746665955,
                        -0.017333900555968285,
                        -0.9745724201202393,
                        0,
                        -0.9746975898742676,
                        -0.003732942044734955,
                        0.22349649667739868,
                        0,
                        -65.61442565917969,
                        -1055.7523193359375,
                        152.90052795410156,
                        1
                    ],
                    [
                        7,
                        -0.0075120883993804455,
                        0.9905891418457031,
                        -0.13666266202926636,
                        0,
                        -0.22340139746665955,
                        -0.13487479090690613,
                        -0.9653499722480774,
                        0,
                        -0.9746975898742676,
                        0.02327883616089821,
                        0.22231219708919525,
                        0,
                        -65.76619720458984,
                        -1066.4683837890625,
                        283.7392578125,
                        1
                    ],
                    [
                        7,
                        -0.0838112086057663,
                        0.9956668019294739,
                        -0.04028967395424843,
                        0,
                        -0.23428282141685486,
                        -0.05898731201887131,
                        -0.9703772664070129,
                        0,
                        -0.9685490131378174,
                        -0.07188931852579117,
                        0.23821143805980682,
                        0,
                        -63.823970794677734,
                        -1023.193115234375,
                        158.48150634765625,
                        1
                    ],
                    [
                        7,
                        -0.0838112086057663,
                        0.9899057745933533,
                        0.11428992450237274,
                        0,
                        -0.23428282141685486,
                        0.09190363436937332,
                        -0.9678146839141846,
                        0,
                        -0.9685490131378174,
                        -0.10788989067077637,
                        0.22421537339687347,
                        0,
                        -65.53582763671875,
                        -1068.3909912109375,
                        -6.951548099517822,
                        1
                    ],
                    [
                        7,
                        -0.0838112086057663,
                        0.9956790804862976,
                        0.03998609259724617,
                        0,
                        -0.23428282141685486,
                        0.019313471391797066,
                        -0.971976637840271,
                        0,
                        -0.9685490131378174,
                        -0.09083059430122375,
                        0.23165182769298553,
                        0,
