[
    1,
    0,
    0,
    [
        [
            "cc.Skeleton",
            [
                "_name",
                "_hash",
                "_joints",
                "_bindposes"
            ],
            0,
            12
        ]
    ],
    [
        [
            0,
            0,
            1,
            2,
            3,
            4
        ]
    ],
    [
        [
            0,
            "Skin-0",
            779599348,
            [
                "mixamorig:Hips/mixamorig:Spine/mixamorig:Spine1/mixamorig:Spine2",
                "mixamorig:Hips/mixamorig:Spine/mixamorig:Spine1/mixamorig:Spine2/mixamorig:Neck",
                "mixamorig:Hips/mixamorig:Spine/mixamorig:Spine1/mixamorig:Spine2/mixamorig:Neck/mixamorig:Head",
                "mixamorig:Hips/mixamorig:Spine/mixamorig:Spine1/mixamorig:Spine2/mixamorig:RightShoulder",
                "mixamorig:Hips/mixamorig:Spine/mixamorig:Spine1/mixamorig:Spine2/mixamorig:RightShoulder/mixamorig:RightArm"
            ],
            [
                [
                    [
                        7,
                        1,
                        0,
                        0,
                        0,
                        0,
                        0.9968389868736267,
                        0.07944399863481522,
                        0,
                        0,
                        -0.07944399863481522,
                        0.9968389868736267,
                        0,
                        3.814700022530815e-8,
                        -0.6023696064949036,
                        -0.03817420080304146,
                        1
                    ],
                    [
                        7,
                        1,
                        0,
                        0,
                        0,
                        0,
                        1,
                        0,
                        0,
                        0,
                        0,
                        1,
                        0,
                        3.814700022530815e-8,
                        -0.661312997341156,
                        0.01440867967903614,
                        1
                    ],
                    [
                        7,
                        1,
                        0,
                        0,
                        0,
                        0,
                        1,
                        0,
                        0,
                        0,
                        0,
                        1,
                        0,
                        3.814700022530815e-8,
                        -0.7451436519622803,
                        0.02015651948750019,
                        1
                    ],
                    [
                        7,
                        0.015451744198799133,
                        -0.9953270554542542,
                        0.09532216936349869,
                        0,
                        0.0815652534365654,
                        -0.09376112371683121,
                        -0.9922480583190918,
                        0,
                        0.9965479969978333,
                        0.023106953129172325,
                        0.07973531633615494,
                        0,
                        -0.03945717588067055,
                        0.025703759863972664,
                        0.6555943489074707,
                        1
                    ],
                    [
                        7,
                        -0.13001805543899536,
                        -0.9880990386009216,
                        -0.08218857645988464,
                        0,
                        0.06700360029935837,
                        0.07394663989543915,
                        -0.9950090050697327,
                        0,
                        0.9892449975013733,
                        -0.13487599790096283,
                        0.056591831147670746,
                        0,
                        -0.04617132246494293,
                        -0.15882238745689392,
                        0.6374907493591309,
                        1
                    ]
                ],
                8,
                8,
                8,
                8,
                8
            ]
        ]
    ],
    0,
    0,
    [],
    [],
    []
]
