[
    1,
    0,
    0,
    [
        [
            "cc.Skeleton",
            [
                "_name",
                "_hash",
                "_joints",
                "_bindposes"
            ],
            0,
            12
        ]
    ],
    [
        [
            0,
            0,
            1,
            2,
            3,
            4
        ]
    ],
    [
        [
            0,
            "Skin-7",
            2152143051,
            [
                "mixamorig:Hips/mixamorig:Spine/mixamorig:Spine1/mixamorig:Spine2/mixamorig:Neck/mixamorig:Head",
                "mixamorig:Hips/mixamorig:Spine/mixamorig:Spine1/mixamorig:Spine2/mixamorig:LeftShoulder/mixamorig:LeftArm/mixamorig:LeftForeArm/mixamorig:LeftHand",
                "mixamorig:Hips/mixamorig:Spine/mixamorig:Spine1/mixamorig:Spine2/mixamorig:LeftShoulder/mixamorig:LeftArm/mixamorig:LeftForeArm/mixamorig:LeftHand/mixamorig:LeftHandIndex1",
                "mixamorig:Hips/mixamorig:Spine/mixamorig:Spine1/mixamorig:Spine2/mixamorig:LeftShoulder/mixamorig:LeftArm",
                "mixamorig:Hips/mixamorig:Spine/mixamorig:Spine1/mixamorig:Spine2/mixamorig:LeftShoulder/mixamorig:LeftArm/mixamorig:LeftForeArm",
                "mixamorig:Hips/mixamorig:Spine/mixamorig:Spine1/mixamorig:Spine2/mixamorig:LeftShoulder/mixamorig:LeftArm/mixamorig:LeftForeArm/mixamorig:LeftHand/mixamorig:LeftHandIndex1/mixamorig:LeftHandIndex2",
                "mixamorig:Hips/mixamorig:Spine/mixamorig:Spine1/mixamorig:Spine2/mixamorig:LeftShoulder/mixamorig:LeftArm/mixamorig:LeftForeArm/mixamorig:LeftHand/mixamorig:LeftHandIndex1/mixamorig:LeftHandIndex2/mixamorig:LeftHandIndex3",
                "mixamorig:Hips/mixamorig:Spine/mixamorig:Spine1/mixamorig:Spine2/mixamorig:RightShoulder/mixamorig:RightArm",
                "mixamorig:Hips/mixamorig:Spine/mixamorig:Spine1/mixamorig:Spine2/mixamorig:RightShoulder/mixamorig:RightArm/mixamorig:RightForeArm",
                "mixamorig:Hips/mixamorig:Spine/mixamorig:Spine1/mixamorig:Spine2/mixamorig:RightShoulder/mixamorig:RightArm/mixamorig:RightForeArm/mixamorig:RightHand",
                "mixamorig:Hips/mixamorig:Spine/mixamorig:Spine1/mixamorig:Spine2/mixamorig:RightShoulder/mixamorig:RightArm/mixamorig:RightForeArm/mixamorig:RightHand/mixamorig:RightHandIndex1",
                "mixamorig:Hips/mixamorig:Spine/mixamorig:Spine1/mixamorig:Spine2/mixamorig:RightShoulder/mixamorig:RightArm/mixamorig:RightForeArm/mixamorig:RightHand/mixamorig:RightHandIndex1/mixamorig:RightHandIndex2",
                "mixamorig:Hips/mixamorig:Spine/mixamorig:Spine1/mixamorig:Spine2/mixamorig:RightShoulder/mixamorig:RightArm/mixamorig:RightForeArm/mixamorig:RightHand/mixamorig:RightHandIndex1/mixamorig:RightHandIndex2/mixamorig:RightHandIndex3"
            ],
            [
                [
                    [
                        7,
                        1,
                        0,
                        0,
                        0,
                        0,
                        1,
                        0,
                        0,
                        0,
                        0,
                        1,
                        0,
                        3.814700022530815e-8,
                        -0.7451436519622803,
                        0.02015651948750019,
                        1
                    ],
                    [
                        7,
                        0.3948627710342407,
                        0.9180830121040344,
                        0.03474658727645874,
                        0,
                        -0.037632979452610016,
                        0.05395069718360901,
                        -0.9978340268135071,
                        0,
                        -0.9179691076278687,
                        0.3926999866962433,
                        0.05585329607129097,
                        0,
                        -0.09858840703964233,
                        -0.3327319622039795,
                        0.651500940322876,
                        1
                    ],
                    [
                        7,
                        0.1774158924818039,
                        0.9834699630737305,
                        -0.036202289164066315,
                        0,
                        -0.04884064570069313,
                        -0.027941692620515823,
                        -0.998416006565094,
                        0,
                        -0.9829230308532715,
                        0.1789030134677887,
                        0.043076030910015106,
                        0,
                        -0.010048198513686657,
                        -0.34539973735809326,
                        0.6781477928161621,
                        1
                    ],
                    [
                        7,
                        -0.08225024491548538,
                        0.9933419823646545,
                        0.08066292852163315,
                        0,
                        -0.07725554704666138,
                        0.0743386521935463,
                        -0.9942359924316406,
                        0,
                        -0.9936130046844482,
                        -0.08800780028104782,
                        0.07062679529190063,
                        0,
                        0.0423567071557045,
                        -0.15955717861652374,
                        0.637688934803009,
                        1
                    ],
                    [
                        7,
                        0.2469419687986374,
                        0.9675700068473816,
                        0.05318406969308853,
                        0,
                        -0.04871439188718796,
                        0.06720980256795883,
                        -0.9965490102767944,
                        0,
                        -0.967805027961731,
                        0.2434989959001541,
                        0.06373149156570435,
                        0,
                        -0.04344252869486809,
                        -0.23697492480278015,
                        0.6446847915649414,
                        1
                    ],
                    [
                        7,
                        0.1774158924818039,
                        0.9834699630737305,
                        -0.036202289164066315,
                        0,
                        -0.04884064570069313,
                        -0.027941692620515823,
                        -0.998416006565094,
                        0,
                        -0.9829230308532715,
                        0.1789030134677887,
                        0.043076030910015106,
                        0,
                        -0.010048174299299717,
                        -0.38458555936813354,
                        0.6781477928161621,
                        1
                    ],
                    [
                        7,
                        0.1774158924818039,
                        0.9834699630737305,
                        -0.036202289164066315,
                        0,
                        -0.04884064570069313,
                        -0.027941692620515823,
                        -0.998416006565094,
                        0,
                        -0.9829230308532715,
                        0.1789030134677887,
                        0.043076030910015106,
                        0,
                        -0.004326067864894867,
                        -0.44243544340133667,
                        0.6841872334480286,
                        1
                    ],
                    [
                        7,
                        -0.13001805543899536,
                        -0.9880990386009216,
                        -0.08218857645988464,
                        0,
                        0.06700360029935837,
                        0.07394663989543915,
                        -0.9950090050697327,
                        0,
                        0.9892449975013733,
                        -0.13487599790096283,
                        0.056591831147670746,
                        0,
                        -0.04617132246494293,
                        -0.15882238745689392,
                        0.6374907493591309,
                        1
                    ],
                    [
                        7,
                        0.24968257546424866,
                        -0.966679036617279,
                        -0.05647759512066841,
                        0,
                        0.0344153493642807,
                        0.06714688986539841,
                        -0.9971490502357483,
                        0,
                        0.9677160978317261,
                        0.24702702462673187,
                        0.05003399774432182,
                        0,
                        0.05279683321714401,
                        -0.23681163787841797,
                        0.6440224051475525,
                        1
                    ],
                    [
                        7,
                        0.37737351655960083,
                        -0.9248300194740295,
                        -0.04773649945855141,
                        0,
                        0.02507569082081318,
                        0.06173384562134743,
                        -0.9977779984474182,
                        0,
                        0.9257211685180664,
                        0.37533798813819885,
                        0.04648749902844429,
                        0,
                        0.10029099136590958,
                        -0.3404063284397125,
                        0.647269606590271,
                        1
                    ],
                    [
                        7,
                        0.13114102184772491,
                        -0.9910269975662231,
                        0.025842338800430298,
                        0,
                        0.03987714648246765,
                        -0.020773064345121384,
                        -0.9989889860153198,
                        0,
                        0.9905610084533691,
                        0.13203898072242737,
                        0.03679514676332474,
                        0,
                        -0.0007865434163250029,
                        -0.3503487706184387,
                        0.6751158833503723,
                        1
                    ],
                    [
                        7,
                        0.13114102184772491,
                        -0.9910269975662231,
                        0.025842338800430298,
                        0,
                        0.03987714648246765,
                        -0.020773064345121384,
                        -0.9989889860153198,
                        0,
                        0.9905610084533691,
                        0.13203898072242737,
                        0.03679514676332474,
                        0,
                        -0.0007865403895266354,
                        -0.39344334602355957,
                        0.6751158833503723,
                        1
                    ],
                    [
                        7,
                        0.13114102184772491,
                        -0.9910269975662231,
                        0.025842338800430298,
                        0,
                        0.03987714648246765,
                        -0.020773064345121384,
                        -0.9989889860153198,
                        0,
                        0.9905610084533691,
                        0.13203898072242737,
                        0.03679514676332474,
                        0,
                        -0.011511702090501785,
                        -0.4489607512950897,
                        0.6773713827133179,
                        1
                    ]
                ],
                8,
                8,
                8,
                8,
                8,
                8,
                8,
                8,
                8,
                8,
                8,
                8,
                8
            ]
        ]
    ],
    0,
    0,
    [],
    [],
    []
]
