[
    1,
    0,
    0,
    [
        [
            "cc.Skeleton",
            [
                "_name",
                "_hash",
                "_joints",
                "_bindposes"
            ],
            0,
            12
        ]
    ],
    [
        [
            0,
            0,
            1,
            2,
            3,
            4
        ]
    ],
    [
        [
            0,
            "Skin-9",
            2128040781,
            [
                "mixamorig:Hips",
                "mixamorig:Hips/mixamorig:RightUpLeg",
                "mixamorig:Hips/mixamorig:LeftUpLeg",
                "mixamorig:Hips/mixamorig:LeftUpLeg/mixamorig:LeftLeg",
                "mixamorig:Hips/mixamorig:RightUpLeg/mixamorig:RightLeg",
                "mixamorig:Hips/mixamorig:LeftUpLeg/mixamorig:LeftLeg/mixamorig:LeftFoot/mixamorig:LeftToeBase",
                "mixamorig:Hips/mixamorig:RightUpLeg/mixamorig:RightLeg/mixamorig:RightFoot/mixamorig:RightToeBase",
                "mixamorig:Hips/mixamorig:LeftUpLeg/mixamorig:LeftLeg/mixamorig:LeftFoot",
                "mixamorig:Hips/mixamorig:RightUpLeg/mixamorig:RightLeg/mixamorig:RightFoot"
            ],
            [
                [
                    [
                        7,
                        1,
                        0,
                        0,
                        0,
                        0,
                        1,
                        0,
                        0,
                        0,
                        0,
                        1,
                        0,
                        3.814700022530815e-8,
                        -0.4685976505279541,
                        -0.0009499380248598754,
                        1
                    ],
                    [
                        7,
                        -1,
                        1.2246357352777351e-16,
                        5.21078652866235e-19,
                        0,
                        -1.2246468525851679e-16,
                        -0.9999909996986389,
                        -0.0042549301870167255,
                        0,
                        2.0251767946739174e-34,
                        -0.0042549301870167255,
                        0.9999909996986389,
                        0,
                        -0.08039180934429169,
                        0.44717922806739807,
                        0.002266369992867112,
                        1
                    ],
                    [
                        7,
                        -1,
                        1.2246382499067973e-16,
                        4.457040942940249e-19,
                        0,
                        -1.2246468525851679e-16,
                        -0.9999930262565613,
                        -0.0036394500639289618,
                        0,
                        7.264191109213419e-41,
                        -0.0036394500639289618,
                        0.9999930262565613,
                        0,
                        0.08039172738790512,
                        0.4471818208694458,
                        0.001636749948374927,
                        1
                    ],
                    [
                        7,
                        -0.9999960064888,
                        0.0027580198366194963,
                        0.0002995389804709703,
                        0,
                        -0.0027742183301597834,
                        -0.9937509298324585,
                        -0.1115889921784401,
                        0,
                        -0.000010097511221829336,
                        -0.11158948391675949,
                        0.9937540292739868,
                        0,
                        0.08109954744577408,
                        0.25336042046546936,
                        0.02916295826435089,
                        1
                    ],
                    [
                        7,
                        -0.9999960064888,
                        -0.0027596799191087484,
                        -0.0002826459822244942,
                        0,
                        0.00277409004047513,
                        -0.9943499565124512,
                        -0.10611799359321594,
                        0,
                        0.000011802672815974802,
                        -0.10611845552921295,
                        0.9943529963493347,
                        0,
                        -0.08109959214925766,
                        0.253466933965683,
                        0.028238268569111824,
                        1
                    ],
                    [
                        7,
                        -0.9611001014709473,
                        0.27142399549484253,
                        -0.05114949494600296,
                        0,
                        -0.057501692324876785,
                        -0.015496503561735153,
                        0.9982249736785889,
                        0,
                        0.27014973759651184,
                        0.9623349905014038,
                        0.030501019209623337,
                        0,
                        0.08739051222801208,
                        -0.0758618414402008,
                        -0.0013180815149098635,
                        1
                    ],
                    [
                        7,
                        -0.960375964641571,
                        -0.27404099702835083,
                        0.05078340321779251,
                        0,
                        0.05724995583295822,
                        -0.015645911917090416,
                        0.9982370138168335,
                        0,
                        -0.2727632224559784,
                        0.9615910053253174,
                        0.030714787542819977,
                        0,
                        -0.08720983564853668,
                        -0.07600788027048111,
                        -0.0013641190016642213,
                        1
                    ],
                    [
                        7,
                        -0.9573779702186584,
                        0.2497909814119339,
                        0.14502495527267456,
                        0,
                        -0.03485388308763504,
                        -0.5983361005783081,
                        0.8004871010780334,
                        0,
                        0.28672805428504944,
                        0.7613139152526855,
                        0.5815398693084717,
                        0,
                        0.0860648825764656,
                        0.03376717492938042,
                        -0.04804103448987007,
                        1
                    ],
                    [
                        7,
                        -0.9563779830932617,
                        -0.2512040138244629,
                        -0.14912006258964539,
                        0,
                        0.033623892813920975,
                        -0.6017208695411682,
                        0.7979978322982788,
                        0,
                        -0.2901890277862549,
                        0.7581740617752075,
                        0.5839191675186157,
                        0,
                        -0.08581019192934036,
                        0.03333181142807007,
                        -0.04851921275258064,
                        1
                    ]
                ],
                8,
                8,
                8,
                8,
                8,
                8,
                8,
                8,
                8
            ]
        ]
    ],
    0,
    0,
    [],
    [],
    []
]
