[
    1,
    0,
    0,
    [
        [
            "cc.Skeleton",
            [
                "_name",
                "_hash",
                "_joints",
                "_bindposes"
            ],
            0,
            12
        ]
    ],
    [
        [
            0,
            0,
            1,
            2,
            3,
            4
        ]
    ],
    [
        [
            0,
            "Skin-0",
            4188099628,
            [
                "Root_M",
                "Root_M/Hip_R",
                "Root_M/Hip_R/Knee_R",
                "Root_M/Hip_R/Knee_R/Ankle_R",
                "Root_M/Chest_M",
                "Root_M/Chest_M/Neck_M",
                "Root_M/Chest_M/Neck_M/Head_M",
                "Root_M/Chest_M/Neck_M/Head_M/HeadEnd_M",
                "Root_M/Chest_M/Scapula_R",
                "Root_M/Chest_M/Scapula_R/Shoulder_R",
                "Root_M/Chest_M/Scapula_R/Shoulder_R/Elbow_R",
                "Root_M/Chest_M/Scapula_R/Shoulder_R/Elbow_R/Wrist_R",
                "Root_M/Chest_M/Scapula_L",
                "Root_M/Chest_M/Scapula_L/Shoulder_L",
                "Root_M/Chest_M/Scapula_L/Shoulder_L/Elbow_L",
                "Root_M/Chest_M/Scapula_L/Shoulder_L/Elbow_L/Wrist_L",
                "Root_M/Hip_L",
                "Root_M/Hip_L/Knee_L",
                "Root_M/Hip_L/Knee_L/Ankle_L"
            ],
            [
                [
                    [
                        7,
                        6.096004138905084e-17,
                        -5.546435927836693e-17,
                        1,
                        0,
                        0.9955530166625977,
                        0.09419780224561691,
                        -5.546438574814653e-17,
                        0,
                        -0.09419780224561691,
                        0.9955530166625977,
                        6.096006785883044e-17,
                        0,
                        -1.2338459491729736,
                        -0.0813949704170227,
                        7.070084749058139e-17,
                        1
                    ],
                    [
                        7,
                        -0.015989603474736214,
                        -0.11939198523759842,
                        -0.9927180409431458,
                        0,
                        -0.9854180216789246,
                        0.1700890064239502,
                        -0.004584212321788073,
                        0,
                        0.16939786076545715,
                        0.9781690239906311,
                        -0.12037066370248795,
                        0,
                        1.0992494821548462,
                        -0.17718039453029633,
                        -0.27354905009269714,
                        1
                    ],
                    [
                        7,
                        0.021449536085128784,
                        -0.11853298544883728,
                        -0.9927180409431458,
                        0,
                        -0.9900329113006592,
                        -0.14076100289821625,
                        -0.004584297072142363,
                        0,
                        -0.13919267058372498,
                        0.9829220175743103,
                        -0.12037081271409988,
                        0,
                        0.6014260053634644,
                        0.00790424458682537,
                        -0.27354899048805237,
                        1
                    ],
                    [
                        7,
                        0.021449536085128784,
                        -0.11853298544883728,
                        -0.9927180409431458,
                        0,
                        -0.9900329113006592,
                        -0.14076100289821625,
                        -0.004584297072142363,
                        0,
                        -0.13919267058372498,
                        0.9829220175743103,
                        -0.12037081271409988,
                        0,
                        0.006851599086076021,
                        0.00790424458682537,
                        -0.27354899048805237,
                        1
                    ],
                    [
                        7,
                        6.121874377998802e-17,
                        -6.252107017128131e-17,
                        1,
                        0,
                        0.9997779726982117,
                        -0.02104710042476654,
                        -6.252110325850581e-17,
                        0,
                        0.02104710042476654,
                        0.9997779726982117,
                        6.121877686721252e-17,
                        0,
                        -1.901503562927246,
                        0.138446643948555,
                        1.250636205687094e-16,
                        1
                    ],
                    [
                        7,
                        6.118696680957618e-17,
                        -6.358833830226663e-17,
                        1,
                        0,
                        0.9992589950561523,
                        -0.03847689926624298,
                        -6.358837138949113e-17,
                        0,
                        0.03847689926624298,
                        0.9992589950561523,
                        6.118699989680069e-17,
                        0,
                        -2.1723437309265137,
                        0.176352396607399,
                        1.4413323065227008e-16,
                        1
                    ],
                    [
                        7,
                        6.122425611159007e-17,
                        -6.222872469047037e-17,
                        1,
                        0,
                        0.9998679757118225,
                        -0.01627179980278015,
                        -6.222869822069077e-17,
                        0,
                        0.01627179980278015,
                        0.9998679757118225,
                        6.122423625925537e-17,
                        0,
                        -2.345874071121216,
                        0.12427624315023422,
                        1.5135782612230822e-16,
                        1
                    ],
                    [
                        7,
                        6.122425611159007e-17,
                        -6.222872469047037e-17,
                        1,
                        0,
                        0.9998679757118225,
                        -0.01627179980278015,
                        -6.222869822069077e-17,
                        0,
                        0.01627179980278015,
                        0.9998679757118225,
                        6.122423625925537e-17,
                        0,
                        -3.3392200469970703,
                        0.12427624315023422,
                        2.1217464615137918e-16,
                        1
                    ],
                    [
                        7,
                        -0.9045099020004272,
                        0.020563799887895584,
                        -0.42595699429512024,
                        0,
                        -0.42645323276519775,
                        -0.04421769827604294,
                        0.9034280180931091,
                        0,
                        -0.0002569263451732695,
                        0.9988099932670593,
                        0.04876483231782913,
                        0,
                        0.7290658950805664,
                        0.20587953925132751,
                        -1.860106348991394,
                        1
                    ],
                    [
                        7,
                        -0.9983659982681274,
                        -0.0546783022582531,
                        0.01658232882618904,
                        0,
                        0.03307170420885086,
                        -0.31633105874061584,
                        0.9480721950531006,
                        0,
                        -0.046593450009822845,
                        0.9470719695091248,
                        0.31762248277664185,
                        0,
                        -0.45183929800987244,
                        0.6835654973983765,
                        -1.743036150932312,
                        1
                    ],
                    [
                        7,
                        -0.9980629682540894,
                        0.05996109917759895,
                        0.0165823046118021,
                        0,
                        -0.003355184104293585,
                        -0.3180379867553711,
                        0.9480719566345215,
                        0,
                        0.06212124601006508,
                        0.946179986000061,
                        0.3176230788230896,
                        0,
                        -0.9496065378189087,
                        0.7975059151649475,
                        -1.7430357933044434,
                        1
                    ],
                    [
                        7,
                        -0.9980629682540894,
                        0.05996109917759895,
                        0.0165823046118021,
                        0,
                        -0.003355184104293585,
                        -0.3180379867553711,
                        0.9480719566345215,
                        0,
                        0.06212124601006508,
                        0.946179986000061,
                        0.3176230788230896,
                        0,
                        -1.3793201446533203,
                        0.7975059151649475,
                        -1.7430357933044434,
                        1
                    ],
                    [
                        7,
                        -0.9045099020004272,
                        0.020563799887895584,
                        -0.42595699429512024,
                        0,
                        0.42645323276519775,
                        0.04421769827604294,
                        -0.9034280180931091,
                        0,
                        0.0002569263451732695,
                        -0.9988099932670593,
                        -0.04876483231782913,
                        0,
                        -0.7290658950805664,
                        -0.20587953925132751,
                        1.860106348991394,
                        1
                    ],
                    [
                        7,
                        -0.9983659982681274,
                        -0.0546783022582531,
                        0.01658232882618904,
                        0,
                        -0.03307170420885086,
                        0.31633105874061584,
                        -0.9480721950531006,
                        0,
                        0.046593450009822845,
                        -0.9470719695091248,
                        -0.31762248277664185,
                        0,
                        0.45183929800987244,
                        -0.6835654973983765,
                        1.743036150932312,
                        1
                    ],
                    [
                        7,
                        -0.9980629682540894,
                        0.05996109917759895,
                        0.0165823046118021,
                        0,
                        0.003355184104293585,
                        0.3180379867553711,
                        -0.9480719566345215,
                        0,
                        -0.06212124601006508,
                        -0.946179986000061,
                        -0.3176230788230896,
                        0,
                        0.9496065378189087,
                        -0.7975059151649475,
                        1.7430357933044434,
                        1
                    ],
                    [
                        7,
                        -0.9980629682540894,
                        0.05996109917759895,
                        0.0165823046118021,
                        0,
                        0.003355184104293585,
                        0.3180379867553711,
                        -0.9480719566345215,
                        0,
                        -0.06212124601006508,
                        -0.946179986000061,
                        -0.3176230788230896,
                        0,
                        1.3793201446533203,
                        -0.7975059151649475,
                        1.7430357933044434,
                        1
                    ],
                    [
                        7,
                        -0.01598961278796196,
                        -0.11939198523759842,
                        -0.9927180409431458,
                        0,
                        0.9854180216789246,
                        -0.1700890064239502,
                        0.004584202077239752,
                        0,
                        -0.16939786076545715,
                        -0.9781690239906311,
                        0.12037066370248795,
                        0,
                        -1.0992493629455566,
                        0.17718039453029633,
                        0.27354905009269714,
                        1
                    ],
                    [
                        7,
                        0.02144952490925789,
                        -0.11853298544883728,
                        -0.9927180409431458,
                        0,
                        0.9900329113006592,
                        0.14076100289821625,
                        0.004584286827594042,
                        0,
                        0.13919267058372498,
                        -0.9829220175743103,
                        0.12037081271409988,
                        0,
                        -0.6014260053634644,
                        -0.00790424458682537,
                        0.27354899048805237,
                        1
                    ],
                    [
                        7,
                        0.02144952490925789,
                        -0.11853298544883728,
                        -0.9927180409431458,
                        0,
                        0.9900329113006592,
                        0.14076100289821625,
                        0.004584286827594042,
                        0,
                        0.13919267058372498,
                        -0.9829220175743103,
                        0.12037081271409988,
                        0,
                        -0.006851596292108297,
                        -0.00790424458682537,
                        0.27354899048805237,
                        1
                    ]
                ],
                8,
                8,
                8,
                8,
                8,
                8,
                8,
                8,
                8,
                8,
                8,
                8,
                8,
                8,
                8,
                8,
                8,
                8,
                8
            ]
        ]
    ],
    0,
    0,
    [],
    [],
    []
]
